7.660635062626430347e+00
4.489443778991699219e+00
3.412585905620030058e+00
2.766912221908569336e+00
2.494061980928693689e+00
2.414694207055227970e+00
2.296877792903355253e+00
2.003983412470136560e+00
1.947513750621250761e+00
2.195261836051940918e+00
2.215134995324270939e+00
2.289611509868076933e+00
2.238954816545759119e+00
2.259124823978968966e+00
2.195876325879777990e+00
2.119389465876988066e+00
2.072338581085205078e+00
2.034583023616245878e+00
2.004009604454040527e+00
1.989033034869602812e+00
1.959063240459987032e+00
1.920196413993835449e+00
1.921415397099086153e+00
1.942841274397713702e+00
1.929368274552481610e+00
1.918158292770385742e+00
1.973254663603646319e+00
2.070749010358537756e+00
2.098828043256486975e+00
2.098242350987025606e+00
2.092630420412336267e+00
2.101357732500348963e+00
2.129804134368896484e+00
2.143088374819074549e+00
2.130452428545270838e+00
2.109852211815970158e+00
2.092719554901123047e+00
2.110687323978968966e+00
2.148168802261352539e+00
2.171581608908517147e+00
2.166553599493844295e+00
2.160812480109078670e+00
2.169010230473109591e+00
2.183690241404942167e+00
2.196346998214721680e+00
2.201095342636108398e+00
2.197657551084245764e+00
2.192742381777082361e+00
2.190038987568446505e+00
2.187932593481881405e+00
2.184697049004690861e+00
2.183409043720790255e+00
2.185624769755772245e+00
2.187179088592529297e+00
2.188230412346976017e+00
2.190834454127720488e+00
2.190934079033987736e+00
2.188036271503993380e+00
2.182936464037214197e+00
2.178089720862252499e+00
2.176923036575317383e+00
2.182121787752424158e+00
2.184568030493600155e+00
2.187294449125017248e+00
2.190013817378452909e+00
2.191245453698294376e+00
2.192551374435424805e+00
2.193025248391287541e+00
2.191987173897879337e+00
2.191205671855381620e+00
2.192049707685197912e+00
2.189979587282453455e+00
2.187641143798828125e+00
2.186643191746302950e+00
2.188471385410853731e+00
2.190956149782453455e+00
2.189881392887660372e+00
2.184658288955688477e+00
2.174930538449968420e+00
0.000000000000000000e+00
