1.978413366845675758e-01
9.993231935160500345e-01
2.567818573543003691e+00
4.220226151602608944e+00
5.766418593270437931e+00
8.104079042162213753e+00
9.957116944449287743e+00
1.116263321467808289e+01
1.020357840401785765e+01
9.594060761587959618e+00
7.866400786808559253e+00
6.870162010192871094e+00
6.503711972917828987e+00
6.410849366869245003e+00
6.111994198390415356e+00
6.019290106637137150e+00
5.824239117758614803e+00
5.778607640947614144e+00
5.654924120221819450e+00
5.506818975721087028e+00
5.407626765114920353e+00
5.386614118303571175e+00
5.382105078016008903e+00
5.451128482818603516e+00
5.512894562312534497e+00
5.682331630161830738e+00
6.558952059064592888e+00
6.916326182229178166e+00
6.650191443307059025e+00
6.942861148289272144e+00
6.008410930633544922e+00
5.205104419163295582e+00
4.587941442217145394e+00
4.302041462489536450e+00
4.129791770662579964e+00
3.929458039147513126e+00
3.796830654144287109e+00
3.602832521711076819e+00
3.480083976473127283e+00
3.434377363749912870e+00
3.328803743634904944e+00
3.175993272236415255e+00
3.191885403224400175e+00
3.115256275449480139e+00
3.063669272831508028e+00
3.005296162196568144e+00
2.931083304541451717e+00
2.895064285823277128e+00
2.908609049660818791e+00
2.817422934940883028e+00
2.786848068237304688e+00
2.775389875684465490e+00
2.758554765156337130e+00
2.686225346156529081e+00
2.681038277489798283e+00
2.673609937940324865e+00
2.634376559938703455e+00
0.000000000000000000e+00
0.000000000000000000e+00
0.000000000000000000e+00
0.000000000000000000e+00
0.000000000000000000e+00
0.000000000000000000e+00
0.000000000000000000e+00
0.000000000000000000e+00
0.000000000000000000e+00
0.000000000000000000e+00
0.000000000000000000e+00
0.000000000000000000e+00
0.000000000000000000e+00
0.000000000000000000e+00
0.000000000000000000e+00
0.000000000000000000e+00
0.000000000000000000e+00
0.000000000000000000e+00
0.000000000000000000e+00
0.000000000000000000e+00
0.000000000000000000e+00
0.000000000000000000e+00
0.000000000000000000e+00
0.000000000000000000e+00
0.000000000000000000e+00
0.000000000000000000e+00
0.000000000000000000e+00
0.000000000000000000e+00
0.000000000000000000e+00
0.000000000000000000e+00
0.000000000000000000e+00
0.000000000000000000e+00
0.000000000000000000e+00
0.000000000000000000e+00
0.000000000000000000e+00
0.000000000000000000e+00
0.000000000000000000e+00
0.000000000000000000e+00
0.000000000000000000e+00
0.000000000000000000e+00
0.000000000000000000e+00
0.000000000000000000e+00
0.000000000000000000e+00
0.000000000000000000e+00
0.000000000000000000e+00
0.000000000000000000e+00
0.000000000000000000e+00
0.000000000000000000e+00
0.000000000000000000e+00
0.000000000000000000e+00
0.000000000000000000e+00
0.000000000000000000e+00
0.000000000000000000e+00
0.000000000000000000e+00
0.000000000000000000e+00
0.000000000000000000e+00
0.000000000000000000e+00
0.000000000000000000e+00
0.000000000000000000e+00
0.000000000000000000e+00
0.000000000000000000e+00
0.000000000000000000e+00
0.000000000000000000e+00
0.000000000000000000e+00
0.000000000000000000e+00
0.000000000000000000e+00
0.000000000000000000e+00
0.000000000000000000e+00
0.000000000000000000e+00
0.000000000000000000e+00
0.000000000000000000e+00
0.000000000000000000e+00
0.000000000000000000e+00
0.000000000000000000e+00
0.000000000000000000e+00
0.000000000000000000e+00
0.000000000000000000e+00
0.000000000000000000e+00
0.000000000000000000e+00
0.000000000000000000e+00
0.000000000000000000e+00
0.000000000000000000e+00
0.000000000000000000e+00
0.000000000000000000e+00
0.000000000000000000e+00
0.000000000000000000e+00
0.000000000000000000e+00
0.000000000000000000e+00
0.000000000000000000e+00
0.000000000000000000e+00
0.000000000000000000e+00
0.000000000000000000e+00
0.000000000000000000e+00
