8.725422314235142807e+00
8.604764529636927506e+00
9.131544385637555550e+00
9.650239127022880226e+00
9.397043091910225243e+00
8.583263397216796875e+00
7.925649574824741528e+00
7.653285299028668831e+00
7.546642644064767147e+00
7.400825568607875660e+00
7.245105198451450512e+00
7.179942948477608944e+00
7.200091838836669922e+00
7.215479101453508903e+00
7.190316064017159725e+00
7.166720730917794491e+00
7.170236315046038200e+00
7.170253685542514965e+00
7.159000601087297966e+00
7.147087165287563160e+00
7.141893386840820312e+00
7.140210151672363281e+00
7.129069192068917538e+00
7.121425492422921444e+00
7.119040421077182934e+00
7.117909090859549259e+00
7.112322126116071175e+00
7.111047404153006291e+00
7.106531347547258903e+00
7.099669933319091797e+00
7.101687363215854809e+00
7.097327981676373909e+00
7.086714812687465503e+00
7.081423486982073356e+00
7.088221890585763241e+00
7.079330989292690113e+00
7.073833193097796013e+00
7.075281960623605038e+00
7.060846601213727425e+00
7.056054728371756291e+00
7.060854026249477222e+00
7.056012221745082691e+00
7.041022913796560978e+00
7.042023454393659065e+00
7.046658924647739575e+00
7.029126167297363281e+00
7.033940996442522575e+00
7.029246738978794262e+00
7.023814678192138672e+00
7.024726867675781250e+00
7.013471807752337028e+00
7.013670921325683594e+00
7.015585490635463550e+00
7.003825323922293400e+00
7.010890143258230900e+00
6.997924940926687931e+00
6.995655400412423397e+00
6.994645663670131519e+00
6.982384341103689884e+00
6.988693986620221565e+00
6.972938741956438591e+00
6.979942526136126091e+00
6.960860933576311638e+00
6.967503547668457031e+00
6.965464728219168400e+00
6.950782707759311840e+00
6.943874154772077034e+00
6.951496124267578125e+00
6.933407170431954647e+00
6.937727110726492619e+00
6.932312829153878475e+00
6.917133331298828125e+00
6.923448290143694450e+00
6.911355427333286450e+00
6.909336158207485035e+00
6.907507283346993709e+00
6.896814073835100700e+00
6.901810850415911247e+00
6.891588551657540584e+00
0.000000000000000000e+00
