1.563390497169945843e-03
2.327790297567844391e-02
7.148310009922299868e-02
1.281361867274556920e-01
2.014605168785367773e-01
2.833021751471928029e-01
3.371673396655491262e-01
3.624945070062364771e-01
3.727033223424638941e-01
3.711252169949667556e-01
3.639484941959381104e-01
3.550249763897487254e-01
3.543393569333212478e-01
3.558636137417384715e-01
3.502010830811091990e-01
3.429759953703199193e-01
3.394332442964826391e-01
3.325601518154144287e-01
3.220681548118591309e-01
3.136985089097704127e-01
3.035990553242819412e-01
2.924067250319889455e-01
2.833397899355207250e-01
2.742864915302821727e-01
2.620443254709243774e-01
2.523651740380695729e-01
2.405133864709309288e-01
2.300040083272116564e-01
2.232492161648614026e-01
2.130119119371686742e-01
2.042450053351266004e-01
1.960848356996263697e-01
1.901674951825823023e-01
1.816349519150597669e-01
1.772256940603256226e-01
1.702236107417515465e-01
1.649127879313060097e-01
1.603819323437554456e-01
1.562015009777886487e-01
1.513281954186303235e-01
1.478163344519478895e-01
1.427011298281805896e-01
1.386068889072963051e-01
1.345270904047148608e-01
1.319593148572104357e-01
1.277450397610664368e-01
1.231784405452864550e-01
1.197125187941959906e-01
1.154070155961172961e-01
1.107993083340781115e-01
1.069052591919898987e-01
1.034756451845169067e-01
1.000700422695704889e-01
9.474238859755652886e-02
9.106903948954173100e-02
8.771706159625734800e-02
8.409661373921803462e-02
8.102975466421671880e-02
7.758727456842150205e-02
7.551237195730209351e-02
7.186202598469597358e-02
6.985603698662348759e-02
6.710570837770189756e-02
6.561794344867978579e-02
6.398907729557581914e-02
6.219317338296345005e-02
6.168140843510627747e-02
6.024395621248653659e-02
5.847788229584693909e-02
5.860434419342449436e-02
5.795602500438690186e-02
5.737411656549998989e-02
5.728343129158020020e-02
5.664040946534702053e-02
5.666959764701979402e-02
5.732451698609760532e-02
5.603488694344248289e-02
5.620115356785910371e-02
5.639778290476117617e-02
0.000000000000000000e+00
