4.883393594354856759e-04
5.523950939199754467e-02
1.637144173894609755e+00
2.592720508575439453e+00
6.642466749463762810e+00
2.534623588834489905e+00
1.772231749125889433e+00
4.800125156130109261e+00
1.104530443464006773e+01
9.130636828286307960e+00
6.144708088466098950e+00
3.459605523518153536e+00
2.062880464962550509e+00
1.507916705948965985e+00
1.675860456057957304e+00
2.127294795853750919e+00
2.427807807922363281e+00
2.784749269485473633e+00
3.173872777393885958e+00
3.319212879453386389e+00
3.890490770339965820e+00
4.747371946062360237e+00
4.608416012355259106e+00
4.065719161714826058e+00
4.325174740382602856e+00
4.497285638536725472e+00
3.585854598454066622e+00
2.298009293419974064e+00
2.000792162758963322e+00
1.983629022325788194e+00
2.003591077668326115e+00
1.894936817032950360e+00
1.693464824131556856e+00
1.583893111773899687e+00
1.645963396344866103e+00
1.799552713121686631e+00
1.934209619249616319e+00
1.786463907786778105e+00
1.531345077923365938e+00
1.373550755637032550e+00
1.397185478891645127e+00
1.427501559257507324e+00
1.379445348467145616e+00
1.298863206590924912e+00
1.225627013615199434e+00
1.202568667275565106e+00
1.214832953044346464e+00
1.237358348710196454e+00
1.243461387498038251e+00
1.257025173732212675e+00
1.263518912451607745e+00
1.270765423774719238e+00
1.253953320639473956e+00
1.248547945703778916e+00
1.238100068909781415e+00
1.229107141494750977e+00
1.221634949956621474e+00
1.238081063543047255e+00
1.256382857050214463e+00
1.282345686640058213e+00
1.282609019960675889e+00
1.254150594983782119e+00
1.248485871723719942e+00
1.223744835172380752e+00
1.216413072177342070e+00
1.205258284296308213e+00
1.195455840655735624e+00
1.192463483129228896e+00
1.202471596854073566e+00
1.196720038141523057e+00
1.196465066501072538e+00
1.202018737792968750e+00
1.214084948812212295e+00
1.220653380666460341e+00
1.203713451113019639e+00
1.191619328090122831e+00
1.191694770540509873e+00
1.217624051230294269e+00
1.258788960320609052e+00
0.000000000000000000e+00
