7.533348628452846363e+00
4.734194687434604809e+00
3.810372012002127384e+00
2.638705389840262150e+00
2.246077401297433163e+00
2.192300796508789062e+00
2.152473415647234045e+00
2.141933645520891272e+00
2.123658146177019201e+00
2.102877310344151152e+00
2.101993765149797522e+00
2.078401190893990780e+00
2.096772841044834745e+00
2.063860552651541447e+00
2.076790673392159725e+00
2.066598211015973963e+00
2.036358867372785486e+00
1.994655881609235459e+00
1.966585363660539931e+00
1.697818194116864854e+00
1.603523918560572969e+00
1.524331433432442706e+00
1.374426790646144259e+00
1.299389788082667696e+00
1.209784013884408038e+00
1.226317201341901475e+00
1.174463067735944444e+00
1.137801987784249347e+00
1.095807688576834638e+00
1.073911956378391874e+00
1.059731176921299589e+00
1.039194992610386503e+00
1.033625057765415800e+00
9.991101963179451761e-01
9.541506767272949219e-01
8.889042053903851714e-01
8.056296876498630910e-01
9.819326656205313864e-01
8.789842895099094777e-01
6.784498180661883149e-01
5.043818354606628418e-01
3.492178916931152344e-01
9.453086044107165131e-01
5.207784942218235402e-01
4.097362671579633520e-01
2.801804372242518992e-01
2.084507559026990697e-01
1.659074894019535729e-01
1.426906649555478857e-01
1.384295033557074450e-01
1.396531260439327904e-01
1.436821020075253197e-01
1.389532717210905932e-01
1.405925218548093603e-01
1.353364320737975024e-01
1.311885608094079114e-01
1.290452161005564979e-01
1.295731855290276624e-01
1.216528958507946540e-01
1.050142337168965961e-01
9.464876885925020689e-02
8.610235686813082212e-02
7.833644641297203559e-02
9.219333103724888789e-02
8.446007754121508115e-02
7.403545720236641425e-02
6.795930596334594231e-02
7.556458669049399834e-02
7.267799068774495608e-02
6.982688552566937434e-02
7.632858519043241030e-02
7.397993866886411196e-02
8.641243406704493535e-02
8.235814103058405888e-02
7.049729142870221621e-02
6.106450089386531582e-02
6.775305579815592283e-02
9.057245988930974490e-02
7.350902578660420406e-02
0.000000000000000000e+00
