6.502313852310180664e+00
2.929638726370675350e+00
2.112449424607413029e+00
1.812229582241603243e+00
1.578628897666931152e+00
1.397473709923880536e+00
1.295905964715140302e+00
1.225940278598240507e+00
1.178255711283002549e+00
1.131602321352277452e+00
1.098513773509434355e+00
1.061017070497785264e+00
1.026582990373883897e+00
9.947557108742850485e-01
9.677089623042515187e-01
9.409603561673846039e-01
9.171606472560337453e-01
8.936798146792820363e-01
8.716281993048531351e-01
8.493504183632987203e-01
8.247064948081970215e-01
7.949424982070922852e-01
7.590884310858589945e-01
7.119785547256469727e-01
6.457797203745160308e-01
5.530883925301688375e-01
4.421122883047376440e-01
3.453842571803501516e-01
2.423778495618275353e-01
1.498372278043202110e-01
8.964518351214272041e-02
5.232488523636545652e-02
3.157135338655540219e-02
2.051366972071783784e-02
1.420102068888289513e-02
1.196420139500073074e-02
1.030947041830846192e-02
1.031006806130920113e-02
1.129715011588164689e-02
8.825317956507205963e-03
8.389732667378016137e-03
8.141222343380962595e-03
7.349117659032344818e-03
7.568568057779755283e-03
7.896214257925748825e-03
7.380986652736153293e-03
7.030132692307233810e-03
7.048062847128936347e-03
6.489103194326162338e-03
6.792027769344193347e-03
6.181652258549418140e-03
5.964139742510659106e-03
5.670242876346621823e-03
5.784735416195222434e-03
5.858544127217361029e-03
5.361248539494616397e-03
5.546538358820336453e-03
0.000000000000000000e+00
0.000000000000000000e+00
0.000000000000000000e+00
0.000000000000000000e+00
0.000000000000000000e+00
0.000000000000000000e+00
0.000000000000000000e+00
0.000000000000000000e+00
0.000000000000000000e+00
0.000000000000000000e+00
0.000000000000000000e+00
0.000000000000000000e+00
0.000000000000000000e+00
0.000000000000000000e+00
0.000000000000000000e+00
0.000000000000000000e+00
0.000000000000000000e+00
0.000000000000000000e+00
0.000000000000000000e+00
0.000000000000000000e+00
0.000000000000000000e+00
0.000000000000000000e+00
0.000000000000000000e+00
0.000000000000000000e+00
0.000000000000000000e+00
0.000000000000000000e+00
0.000000000000000000e+00
0.000000000000000000e+00
0.000000000000000000e+00
0.000000000000000000e+00
0.000000000000000000e+00
0.000000000000000000e+00
0.000000000000000000e+00
0.000000000000000000e+00
0.000000000000000000e+00
0.000000000000000000e+00
0.000000000000000000e+00
0.000000000000000000e+00
0.000000000000000000e+00
0.000000000000000000e+00
0.000000000000000000e+00
0.000000000000000000e+00
0.000000000000000000e+00
0.000000000000000000e+00
0.000000000000000000e+00
0.000000000000000000e+00
0.000000000000000000e+00
0.000000000000000000e+00
0.000000000000000000e+00
0.000000000000000000e+00
0.000000000000000000e+00
0.000000000000000000e+00
0.000000000000000000e+00
0.000000000000000000e+00
0.000000000000000000e+00
0.000000000000000000e+00
0.000000000000000000e+00
0.000000000000000000e+00
0.000000000000000000e+00
0.000000000000000000e+00
0.000000000000000000e+00
0.000000000000000000e+00
0.000000000000000000e+00
0.000000000000000000e+00
0.000000000000000000e+00
0.000000000000000000e+00
0.000000000000000000e+00
0.000000000000000000e+00
0.000000000000000000e+00
0.000000000000000000e+00
0.000000000000000000e+00
0.000000000000000000e+00
0.000000000000000000e+00
0.000000000000000000e+00
0.000000000000000000e+00
0.000000000000000000e+00
0.000000000000000000e+00
0.000000000000000000e+00
0.000000000000000000e+00
0.000000000000000000e+00
0.000000000000000000e+00
0.000000000000000000e+00
0.000000000000000000e+00
0.000000000000000000e+00
0.000000000000000000e+00
0.000000000000000000e+00
0.000000000000000000e+00
0.000000000000000000e+00
0.000000000000000000e+00
0.000000000000000000e+00
0.000000000000000000e+00
0.000000000000000000e+00
0.000000000000000000e+00
