1.609080188233389958e-03
8.291081605213028449e-02
9.350473838193076315e-01
2.405036296163286291e+00
2.003966059003557287e+00
1.961154494966779405e+00
1.811880435262407607e+00
1.702521971293858183e+00
1.768951501165117568e+00
1.913747532027108234e+00
1.871014969689505536e+00
2.086556349481855310e+00
1.857289246150425566e+00
2.173702137810843205e+00
2.014731764793395996e+00
2.022445900099618221e+00
2.190466165542602539e+00
2.237000261034284510e+00
2.382747922624860681e+00
3.261187621525355684e+00
4.184452533721923828e+00
3.216682059424264217e+00
3.360380513327462459e+00
3.205814020974295353e+00
3.411769287926810001e+00
3.448621579578944552e+00
3.532438652856009220e+00
3.416292939867292322e+00
3.507791348866053927e+00
3.532408509935651697e+00
3.551956789834158634e+00
3.624218055180140841e+00
3.477346794945852970e+00
3.658904143742152559e+00
3.766776527677263342e+00
3.864894253867013241e+00
4.220222745622907112e+00
5.108669621603829647e+00
4.050934825624738167e+00
4.144829239164080192e+00
4.408931050981793831e+00
4.463973351887294605e+00
5.002288682120187069e+00
4.422003030776977539e+00
3.925071409770420683e+00
3.987129756382533419e+00
3.902683700834001623e+00
3.921624830790928495e+00
3.803675992148263241e+00
3.714354923793247831e+00
3.484894445964268339e+00
3.423946108136858069e+00
3.382901464189802088e+00
3.276432786669050135e+00
3.226019927433558809e+00
3.094243662697928166e+00
3.007457256317138672e+00
2.818010772977556311e+00
2.513207503727504122e+00
1.971187046595982206e+00
1.766598633357456816e+00
1.648549505642482149e+00
1.641618030411856610e+00
1.424502491950988770e+00
1.369240249906267470e+00
1.374868580273219454e+00
1.277319124766758573e+00
1.237449305398123700e+00
1.203257782118660968e+00
1.229470031602042157e+00
1.146666169166564941e+00
1.176630181925637286e+00
1.192182081086295087e+00
1.201725278581891709e+00
1.143198175089699786e+00
1.136999981743948895e+00
1.107799402305058134e+00
1.188478861536298448e+00
1.091211233820233995e+00
0.000000000000000000e+00
